4	92
4	93
5	91
5	94
5	95
5	96
5	97
6	91
6	98
7	91
7	98
7	99
7	107
7	108
8	91
8	100
8	106
8	107
8	109
9	82
9	83
9	86
9	87
9	88
9	89
9	90
9	100
9	106
9	110
10	81
10	84
10	85
10	100
10	105
10	110
11	81
11	100
11	101
11	102
11	103
11	104
11	111
12	82
12	111
13	82
13	112
14	82
14	113
15	81
15	113
16	80
16	114
17	79
17	115
17	116
17	117
18	79
18	118
18	119
19	79
19	118
19	119
20	74
20	75
20	76
20	77
20	78
20	79
20	118
21	73
21	119
21	120
21	124
21	125
21	127
22	72
22	121
22	123
22	126
22	127
22	128
22	129
23	71
23	122
23	130
24	71
24	130
24	131
25	72
25	131
25	132
26	71
26	133
27	72
27	134
28	72
28	134
29	72
29	73
29	134
30	73
30	135
31	73
31	136
32	73
32	137
32	138
32	139
33	73
33	140
34	73
34	141
35	73
35	74
35	141
36	75
36	141
37	76
37	141
38	75
38	141
39	76
39	142
40	76
40	142
41	75
41	76
41	142
42	73
42	74
42	75
42	142
43	72
43	141
44	73
44	74
44	75
44	76
44	141
45	76
45	141
46	76
46	141
47	76
47	141
48	76
48	142
48	143
48	144
48	145
49	76
49	146
49	147
50	75
50	76
50	148
50	149
50	150
51	72
51	75
51	151
52	70
52	71
52	73
52	74
52	151
53	71
53	151
54	72
54	151
55	73
55	151
56	73
56	151
57	73
57	149
57	150
57	151
58	72
58	149
59	71
59	149
59	150
59	256
59	257
59	258
60	71
60	150
60	153
60	154
60	155
60	156
60	252
60	253
60	254
60	255
60	258
61	71
61	151
61	152
61	157
61	158
61	249
61	250
61	251
61	258
61	259
61	260
61	262
61	263
62	71
62	158
62	248
62	261
62	264
62	265
63	71
63	159
63	245
63	246
63	247
63	266
64	71
64	159
64	244
64	267
64	268
64	269
65	65
65	71
65	159
65	243
65	270
66	61
66	62
66	63
66	64
66	66
66	70
66	160
66	242
66	270
67	60
67	67
67	68
67	69
67	161
67	162
67	163
67	164
67	165
67	166
67	241
67	270
68	60
68	167
68	168
68	240
68	270
69	60
69	169
69	170
69	171
69	172
69	173
69	175
69	176
69	177
69	178
69	179
69	180
69	181
69	239
69	270
70	60
70	182
70	183
70	239
70	270
71	60
71	184
71	185
71	186
71	238
71	271
72	60
72	187
72	188
72	237
72	272
73	60
73	189
73	190
73	222
73	223
73	224
73	236
73	272
74	60
74	191
74	192
74	222
74	225
74	226
74	227
74	228
74	229
74	230
74	235
74	273
75	60
75	193
75	221
75	231
75	232
75	233
75	234
75	235
75	274
75	275
76	60
76	193
76	219
76	220
76	276
77	60
77	193
77	194
77	195
77	217
77	218
77	277
78	59
78	60
78	196
78	197
78	198
78	200
78	201
78	215
78	216
78	277
79	57
79	58
79	59
79	61
79	62
79	199
79	202
79	203
79	204
79	209
79	210
79	211
79	214
79	276
80	56
80	63
80	64
80	65
80	66
80	67
80	68
80	69
80	70
80	71
80	72
80	205
80	206
80	207
80	208
80	212
80	213
80	214
80	276
81	56
81	73
81	74
81	75
81	76
81	206
81	207
81	277
82	55
82	77
82	208
82	278
82	279
83	55
83	78
83	79
83	208
83	279
84	55
84	80
84	81
84	122
84	123
84	124
84	142
84	143
84	144
84	145
84	146
84	209
84	279
85	56
85	82
85	122
85	124
85	135
85	136
85	137
85	138
85	139
85	140
85	141
85	147
85	209
85	280
86	55
86	83
86	122
86	125
86	127
86	128
86	129
86	130
86	134
86	210
86	211
86	280
87	54
87	83
87	122
87	126
87	131
87	132
87	133
87	149
87	150
87	151
87	212
87	213
87	280
88	53
88	84
88	122
88	152
88	153
88	154
88	155
88	156
88	214
88	280
89	53
89	85
89	122
89	157
89	158
89	159
89	160
89	161
89	162
89	163
89	215
89	280
90	53
90	86
90	90
90	91
90	92
90	123
90	164
90	177
90	178
90	215
90	280
91	53
91	87
91	88
91	89
91	92
91	93
91	123
91	164
91	166
91	167
91	168
91	169
91	176
91	179
91	214
91	280
92	53
92	94
92	123
92	165
92	170
92	171
92	172
92	173
92	174
92	175
92	180
92	181
92	182
92	214
92	280
93	52
93	94
93	123
93	183
93	195
93	196
93	197
93	198
93	199
93	200
93	213
93	281
94	52
94	94
94	95
94	123
94	184
94	185
94	193
94	194
94	195
94	201
94	213
94	281
95	52
95	95
95	96
95	122
95	186
95	187
95	192
95	201
95	213
95	281
96	52
96	53
96	97
96	98
96	99
96	122
96	188
96	189
96	190
96	191
96	202
96	213
96	281
97	53
97	100
97	101
97	102
97	121
97	202
97	213
97	281
98	53
98	103
98	104
98	105
98	106
98	107
98	108
98	121
98	202
98	213
98	281
99	53
99	108
99	109
99	121
99	203
99	204
99	213
99	281
100	49
100	50
100	51
100	52
100	53
100	110
100	121
100	205
100	213
100	282
100	283
101	49
101	111
101	122
101	206
101	207
101	213
101	283
102	49
102	111
102	122
102	207
102	214
102	284
103	49
103	112
103	123
103	208
103	214
103	285
104	49
104	113
104	114
104	115
104	116
104	117
104	118
104	122
104	123
104	209
104	214
104	285
105	49
105	119
105	120
105	121
105	123
105	210
105	214
105	285
106	47
106	48
106	49
106	123
106	211
106	212
106	213
106	285
107	47
107	122
107	286
108	47
108	122
108	286
109	47
109	121
109	286
110	47
110	120
110	287
111	47
111	118
111	119
111	287
112	47
112	117
112	287
113	48
113	116
113	287
114	47
114	115
114	287
115	47
115	115
115	287
116	46
116	114
116	287
117	46
117	114
117	287
118	46
118	114
118	287
119	47
119	114
119	287
120	47
120	113
120	287
121	46
121	114
121	116
121	287
122	45
122	114
122	115
122	117
122	118
122	119
122	120
122	121
122	122
122	123
122	287
123	44
123	123
123	287
124	44
124	123
124	288
125	43
125	123
125	289
126	43
126	123
126	289
127	42
127	123
127	289
128	41
128	42
128	124
128	125
128	126
128	127
128	128
128	129
128	289
129	40
129	130
129	131
129	290
130	39
130	131
130	290
131	39
131	131
131	290
132	38
132	131
132	290
133	38
133	131
133	291
134	38
134	131
134	270
134	271
134	272
134	273
134	274
134	275
134	276
134	277
134	278
134	279
134	280
134	281
134	282
134	283
134	284
134	285
134	286
134	287
134	288
134	289
134	290
134	291
135	38
135	131
135	259
135	260
135	261
135	262
135	263
135	264
135	265
135	266
135	267
135	268
135	269
135	291
136	39
136	131
136	258
136	292
137	39
137	132
137	258
137	292
138	39
138	132
138	257
138	292
139	40
139	132
139	257
139	293
140	40
140	133
140	256
140	294
141	40
141	133
141	255
141	294
142	41
142	134
142	135
142	255
142	294
143	40
143	135
143	136
143	253
143	254
143	255
143	294
144	40
144	136
144	251
144	252
144	253
144	295
145	40
145	137
145	248
145	249
145	251
145	295
145	296
145	297
146	39
146	136
146	137
146	246
146	247
146	250
146	297
147	34
147	35
147	36
147	37
147	38
147	39
147	134
147	135
147	246
147	298
148	34
148	133
148	243
148	244
148	245
148	298
149	34
149	133
149	241
149	242
149	299
150	35
150	36
150	37
150	133
150	240
150	241
150	300
150	301
151	38
151	133
151	239
151	301
152	39
152	134
152	223
152	224
152	237
152	238
152	301
153	38
153	134
153	222
153	225
153	226
153	227
153	236
153	302
154	39
154	41
154	42
154	134
154	161
154	162
154	163
154	165
154	167
154	168
154	169
154	222
154	228
154	229
154	230
154	231
154	235
154	303
155	40
155	43
155	135
155	160
155	163
155	164
155	166
155	170
155	222
155	232
155	233
155	234
155	304
156	43
156	137
156	138
156	160
156	163
156	171
156	222
156	304
157	43
157	139
157	140
157	141
157	159
157	172
157	223
157	305
158	43
158	142
158	158
158	172
158	223
158	306
159	40
159	41
159	42
159	157
159	173
159	181
159	182
159	183
159	224
159	307
160	39
160	143
160	153
160	154
160	155
160	156
160	174
160	175
160	181
160	184
160	224
160	308
161	39
161	142
161	143
161	152
161	176
161	179
161	180
161	185
161	224
161	309
162	39
162	142
162	150
162	151
162	177
162	178
162	186
162	187
162	224
162	310
163	39
163	142
163	148
163	149
163	177
163	188
163	189
163	222
163	223
163	311
164	40
164	141
164	142
164	143
164	144
164	145
164	146
164	147
164	177
164	190
164	191
164	221
164	312
165	40
165	141
165	177
165	192
165	220
165	313
165	314
165	315
166	40
166	41
166	44
166	45
166	141
166	177
166	192
166	219
166	316
167	42
167	43
167	46
167	140
167	177
167	193
167	219
167	316
168	46
168	47
168	139
168	177
168	193
168	220
168	317
169	47
169	137
169	138
169	177
169	194
169	220
169	317
169	318
170	47
170	136
170	176
170	194
170	220
170	319
171	47
171	135
171	176
171	195
171	220
171	320
172	47
172	134
172	176
172	196
172	197
172	198
172	199
172	200
172	201
172	219
172	320
173	48
173	134
173	176
173	202
173	203
173	204
173	205
173	206
173	207
173	208
173	219
173	320
173	321
173	322
174	48
174	134
174	176
174	209
174	210
174	211
174	219
174	323
175	47
175	134
175	175
175	212
175	213
175	218
175	324
176	47
176	134
176	175
176	214
176	215
176	216
176	217
176	218
176	325
177	134
177	175
177	326
178	48
178	49
178	133
178	175
178	326
179	49
179	133
179	175
179	327
180	49
180	133
180	176
180	327
181	50
181	133
181	177
181	327
181	328
182	50
182	51
182	132
182	177
182	329
183	52
183	131
183	178
183	329
184	52
184	132
184	178
184	330
185	52
185	132
185	179
185	330
186	52
186	133
186	180
186	330
187	52
187	134
187	180
187	330
188	53
188	134
188	181
188	329
189	53
189	135
189	181
189	329
190	53
190	135
190	181
190	329
191	53
191	135
191	181
191	329
192	53
192	136
192	181
192	329
193	53
193	136
193	181
193	329
193	339
193	340
194	54
194	136
194	181
194	329
194	335
194	336
194	337
194	338
194	341
195	54
195	137
195	181
195	329
195	332
195	333
195	334
195	342
196	54
196	137
196	182
196	330
196	332
196	342
197	54
197	137
197	183
197	331
197	342
198	137
198	182
198	342
199	55
199	56
199	137
199	182
199	343
199	344
199	345
200	56
200	57
200	58
200	59
200	67
200	68
200	69
200	70
200	71
200	138
200	182
200	346
200	347
200	348
201	60
201	61
201	62
201	63
201	64
201	65
201	66
201	72
201	139
201	183
201	184
201	349
201	350
201	351
202	73
202	139
202	185
202	352
202	353
202	354
202	355
202	356
202	357
203	73
203	139
203	186
203	187
203	358
203	359
203	360
203	361
204	74
204	75
204	76
204	77
204	139
204	188
204	362
204	363
204	364
204	365
205	78
205	79
205	139
205	188
205	366
205	367
205	368
205	369
205	373
205	374
205	375
206	80
206	140
206	188
206	370
206	371
206	372
206	376
206	377
207	80
207	140
207	188
207	378
208	80
208	140
208	188
208	379
209	80
209	140
209	188
209	380
210	80
210	139
210	188
210	381
210	382
211	80
211	139
211	188
211	383
211	384
212	80
212	138
212	189
212	385
213	80
213	138
213	189
213	386
214	80
214	137
214	138
214	189
214	387
215	80
215	81
215	82
215	83
215	137
215	189
215	388
216	84
216	136
216	190
216	389
217	84
217	136
217	191
217	390
218	84
218	134
218	135
218	192
218	391
219	85
219	134
219	192
219	392
219	400
219	401
220	85
220	135
220	193
220	393
220	394
220	395
220	396
220	397
220	398
220	399
220	401
221	85
221	135
221	194
221	195
221	401
222	85
222	135
222	195
222	401
223	85
223	133
223	134
223	196
223	400
224	86
224	99
224	129
224	130
224	131
224	132
224	197
224	400
225	86
225	97
225	98
225	100
225	101
225	102
225	103
225	124
225	125
225	126
225	127
225	128
225	197
225	400
226	86
226	95
226	96
226	104
226	105
226	106
226	107
226	120
226	121
226	122
226	123
226	198
226	400
227	86
227	90
227	93
227	94
227	108
227	120
227	199
227	400
228	87
228	89
228	91
228	92
228	109
228	119
228	200
228	400
229	88
229	110
229	119
229	200
229	400
230	89
230	110
230	111
230	118
230	201
230	401
231	87
231	88
231	112
231	113
231	114
231	115
231	116
231	117
231	202
231	401
232	87
232	202
232	401
233	87
233	203
233	401
234	87
234	203
234	401
235	87
235	204
235	205
235	206
235	401
236	87
236	207
236	208
236	209
236	210
236	211
236	212
236	213
236	214
236	215
236	216
236	217
236	218
236	219
236	220
236	221
236	222
236	401
237	86
237	87
237	222
237	401
238	84
238	85
238	223
238	401
239	84
239	223
239	401
240	84
240	85
240	223
240	401
241	86
241	223
241	401
242	86
242	222
242	401
243	87
243	222
243	400
244	88
244	222
244	400
245	88
245	221
245	400
246	88
246	220
246	400
247	89
247	219
247	220
247	400
248	90
248	221
248	222
248	400
249	91
249	222
249	401
250	91
250	92
250	223
250	401
251	93
251	94
251	224
251	225
251	226
251	401
252	94
252	227
252	228
252	229
252	402
253	93
253	230
253	231
253	402
254	92
254	232
254	233
254	234
254	403
255	91
255	235
255	403
256	92
256	93
256	94
256	236
256	403
257	95
257	236
257	403
258	94
258	236
258	404
259	93
259	236
259	404
260	93
260	237
260	404
261	93
261	237
261	404
262	94
262	237
262	405
263	94
263	237
263	405
264	95
264	237
264	405
265	95
265	110
265	111
265	112
265	113
265	114
265	115
265	236
265	405
266	95
266	109
266	116
266	117
266	234
266	235
266	406
267	95
267	96
267	97
267	108
267	117
267	118
267	119
267	120
267	233
267	407
268	97
268	98
268	106
268	107
268	121
268	232
268	233
268	407
269	98
269	105
269	122
269	234
269	235
269	407
270	99
270	104
270	123
270	236
270	408
271	99
271	100
271	102
271	103
271	123
271	236
271	380
271	381
271	382
271	383
271	384
271	385
271	386
271	387
271	388
271	389
271	390
271	391
271	392
271	393
271	394
271	395
271	396
271	397
271	398
271	399
271	400
271	401
271	402
271	403
271	404
271	405
271	406
271	407
271	408
272	101
272	124
272	237
272	379
272	408
273	102
273	124
273	237
273	377
273	378
273	408
274	102
274	124
274	237
274	238
274	239
274	240
274	241
274	242
274	376
274	408
275	102
275	124
275	235
275	236
275	243
275	244
275	370
275	371
275	372
275	373
275	374
275	375
275	409
276	102
276	124
276	234
276	245
276	246
276	247
276	248
276	249
276	369
276	409
277	101
277	125
277	233
277	250
277	251
277	360
277	361
277	362
277	363
277	364
277	365
277	366
277	367
277	368
277	409
278	101
278	125
278	229
278	230
278	231
278	232
278	252
278	253
278	333
278	334
278	335
278	336
278	337
278	338
278	339
278	340
278	357
278	358
278	359
278	409
279	101
279	124
279	221
279	224
279	228
279	253
279	333
279	341
279	342
279	343
279	344
279	345
279	346
279	347
279	349
279	350
279	351
279	352
279	353
279	354
279	355
279	356
279	409
280	101
280	124
280	220
280	222
280	223
280	225
280	226
280	227
280	254
280	332
280	348
280	410
281	101
281	125
281	219
281	254
281	332
281	410
282	100
282	125
282	219
282	255
282	256
282	257
282	331
282	410
283	99
283	126
283	214
283	215
283	216
283	217
283	218
283	258
283	259
283	331
283	410
284	95
284	96
284	97
284	98
284	127
284	212
284	213
284	260
284	330
284	410
285	95
285	127
285	212
285	260
285	329
285	411
286	95
286	128
286	129
286	212
286	261
286	311
286	312
286	313
286	314
286	315
286	316
286	317
286	324
286	325
286	326
286	327
286	328
286	411
287	94
287	130
287	212
287	261
287	309
287	310
287	318
287	319
287	320
287	321
287	322
287	323
287	411
288	94
288	130
288	212
288	262
288	308
288	411
289	94
289	131
289	212
289	263
289	264
289	265
289	305
289	306
289	307
289	411
290	94
290	132
290	211
290	266
290	267
290	303
290	304
290	411
291	95
291	96
291	133
291	134
291	211
291	268
291	269
291	302
291	412
292	97
292	134
292	211
292	270
292	271
292	300
292	301
292	412
293	94
293	95
293	96
293	135
293	210
293	271
293	272
293	298
293	299
293	412
294	94
294	135
294	209
294	273
294	274
294	297
294	412
295	94
295	135
295	190
295	208
295	274
295	275
295	293
295	294
295	295
295	296
295	412
296	93
296	94
296	134
296	135
296	178
296	179
296	180
296	181
296	182
296	183
296	184
296	185
296	186
296	187
296	188
296	189
296	191
296	203
296	204
296	207
296	208
296	276
296	277
296	278
296	279
296	280
296	281
296	282
296	283
296	284
296	285
296	286
296	287
296	288
296	289
296	290
296	291
296	292
296	412
297	92
297	133
297	177
297	192
297	193
297	194
297	202
297	203
297	205
297	206
297	412
298	48
298	49
298	50
298	51
298	92
298	133
298	175
298	176
298	194
298	200
298	201
298	413
299	44
299	45
299	46
299	47
299	52
299	53
299	54
299	60
299	61
299	91
299	133
299	174
299	194
299	199
299	413
300	41
300	42
300	43
300	55
300	58
300	59
300	62
300	63
300	64
300	65
300	90
300	133
300	174
300	195
300	196
300	197
300	198
300	413
301	40
301	55
301	57
301	58
301	66
301	67
301	88
301	89
301	133
301	174
301	195
301	413
302	36
302	37
302	38
302	39
302	55
302	56
302	68
302	85
302	86
302	87
302	134
302	174
302	194
302	413
303	34
303	35
303	69
303	84
303	85
303	134
303	174
303	193
303	413
304	32
304	33
304	70
304	83
304	134
304	174
304	193
304	413
305	30
305	31
305	70
305	81
305	82
305	134
305	174
305	193
305	414
306	29
306	70
306	76
306	77
306	78
306	79
306	80
306	134
306	174
306	192
306	414
307	29
307	71
307	72
307	75
307	134
307	135
307	136
307	173
307	192
307	414
308	29
308	73
308	74
308	137
308	173
308	192
308	414
309	30
309	138
309	173
309	192
309	415
310	30
310	138
310	173
310	192
310	415
311	25
311	26
311	27
311	28
311	29
311	30
311	138
311	171
311	172
311	191
311	415
312	24
312	137
312	171
312	192
312	193
312	415
313	23
313	137
313	170
313	194
313	197
313	198
313	199
313	200
313	415
314	21
314	22
314	137
314	170
314	195
314	196
314	201
314	415
315	19
315	20
315	136
315	170
315	202
315	416
316	18
316	136
316	170
316	202
316	416
317	18
317	136
317	170
317	203
317	416
318	18
318	136
318	170
318	204
318	205
318	206
318	416
319	17
319	18
319	137
319	169
319	206
319	416
320	17
320	138
320	168
320	206
320	349
320	350
320	351
320	352
320	353
320	354
320	355
320	356
320	357
320	358
320	359
320	360
320	361
320	362
320	363
320	364
320	365
320	366
320	367
320	368
320	369
320	370
320	371
320	372
320	373
320	374
320	375
320	376
320	377
320	378
320	379
320	380
320	381
320	382
320	383
320	384
320	385
320	386
320	387
320	388
320	389
320	390
320	391
320	392
320	416
321	17
321	137
321	168
321	205
321	349
321	393
321	394
321	395
321	396
321	397
321	398
321	399
321	400
321	416
322	17
322	137
322	167
322	204
322	349
322	401
322	402
322	403
322	404
322	405
322	406
322	407
322	408
322	409
322	410
322	411
322	412
322	413
322	414
322	415
323	17
323	136
323	166
323	167
323	204
323	349
323	415
324	16
324	136
324	154
324	155
324	156
324	157
324	158
324	159
324	160
324	161
324	162
324	163
324	165
324	166
324	167
324	204
324	349
324	415
325	15
325	136
325	151
325	152
325	153
325	164
325	168
325	204
325	349
325	415
326	14
326	15
326	136
326	149
326	150
326	169
326	204
326	348
326	415
327	13
327	14
327	136
327	137
327	148
327	170
327	203
327	348
327	415
328	11
328	12
328	138
328	139
328	140
328	141
328	142
328	143
328	146
328	147
328	170
328	203
328	348
328	415
329	6
329	7
329	8
329	9
329	10
329	144
329	145
329	170
329	202
329	348
329	414
330	4
330	5
330	169
330	199
330	200
330	201
330	348
330	414
331	2
331	3
331	168
331	199
331	348
331	414
332	2
332	3
332	169
332	200
332	349
332	413
333	2
333	3
333	4
333	5
333	169
333	201
333	350
333	413
334	6
334	170
334	199
334	200
334	351
334	413
335	6
335	170
335	198
335	351
335	413
336	7
336	170
336	198
336	352
336	414
337	8
337	169
337	198
337	353
337	414
338	7
338	169
338	199
338	200
338	201
338	202
338	354
338	414
339	7
339	169
339	203
339	355
339	356
339	414
340	8
340	9
340	10
340	11
340	169
340	204
340	357
340	414
341	11
341	169
341	205
341	206
341	358
341	414
342	12
342	169
342	207
342	214
342	215
342	220
342	359
342	415
343	13
343	168
343	208
343	209
343	210
343	211
343	212
343	213
343	216
343	217
343	218
343	219
343	221
343	360
343	413
343	414
344	12
344	168
344	221
344	222
344	361
344	412
345	12
345	167
345	222
345	361
345	412
346	12
346	13
346	166
346	221
346	362
346	413
347	14
347	166
347	221
347	362
347	413
348	14
348	166
348	220
348	363
348	413
349	14
349	165
349	220
349	363
349	413
350	14
350	165
350	220
350	363
350	413
351	14
351	165
351	220
351	363
351	413
352	15
352	165
352	219
352	363
352	413
353	15
353	166
353	219
353	363
353	413
354	16
354	17
354	163
354	165
354	220
354	363
354	413
355	17
355	18
355	162
355	164
355	165
355	219
355	363
355	413
356	19
356	162
356	218
356	363
356	413
357	20
357	162
357	218
357	363
357	413
358	20
358	21
358	162
358	219
358	220
358	221
358	222
358	223
358	224
358	225
358	226
358	363
358	414
359	21
359	162
359	226
359	227
359	228
359	363
359	414
360	22
360	153
360	154
360	155
360	156
360	161
360	228
360	363
360	414
361	22
361	148
361	149
361	150
361	151
361	152
361	153
361	157
361	158
361	159
361	160
361	161
361	228
361	363
361	414
362	22
362	147
362	228
362	363
362	414
363	21
363	146
363	229
363	230
363	231
363	232
363	363
364	22
364	146
364	232
364	363
364	415
365	22
365	139
365	140
365	141
365	142
365	143
365	144
365	145
365	233
365	363
365	415
366	22
366	138
366	233
366	363
366	415
367	23
367	137
367	234
367	363
367	416
368	23
368	136
368	234
368	363
368	416
369	23
369	135
369	234
369	363
369	416
370	23
370	133
370	134
370	234
370	363
370	417
371	23
371	132
371	234
371	363
371	417
372	23
372	132
372	235
372	363
372	418
373	23
373	132
373	235
373	363
373	418
374	23
374	133
374	235
374	300
374	301
374	302
374	303
374	304
374	305
374	363
374	419
375	23
375	134
375	235
375	295
375	296
375	297
375	298
375	306
375	307
375	308
375	309
375	310
375	311
375	312
375	313
375	363
375	419
376	24
376	135
376	235
376	294
376	314
376	363
376	419
377	24
377	135
377	234
377	294
377	315
377	362
377	419
378	25
378	136
378	234
378	292
378	293
378	315
378	362
378	420
379	26
379	136
379	234
379	235
379	288
379	289
379	290
379	291
379	315
379	361
379	420
380	26
380	137
380	235
380	274
380	275
380	287
380	315
380	361
380	420
381	27
381	138
381	236
381	271
381	272
381	273
381	276
381	277
381	278
381	279
381	285
381	286
381	315
381	421
382	28
382	29
382	138
382	236
382	269
382	270
382	280
382	281
382	282
382	283
382	284
382	316
382	360
382	421
383	29
383	139
383	237
383	268
383	317
383	318
383	360
383	421
384	29
384	139
384	238
384	267
384	319
384	359
384	421
385	29
385	140
385	237
385	267
385	320
385	359
385	421
386	30
386	140
386	236
386	266
386	319
386	325
386	326
386	327
386	328
386	329
386	358
386	421
387	31
387	141
387	235
387	260
387	261
387	265
387	319
387	323
387	324
387	325
387	330
387	331
387	332
387	333
387	358
387	422
388	32
388	142
388	235
388	255
388	256
388	257
388	258
388	259
388	261
388	262
388	263
388	264
388	320
388	321
388	322
388	334
388	335
388	336
388	357
388	422
389	31
389	32
389	142
389	235
389	246
389	247
389	248
389	254
389	337
389	338
389	339
389	357
389	422
390	33
390	143
390	235
390	245
390	249
390	250
390	251
390	253
390	340
390	341
390	342
390	343
390	356
390	423
391	34
391	143
391	235
391	236
391	243
391	244
391	252
391	344
391	345
391	346
391	347
391	356
391	423
392	33
392	143
392	235
392	237
392	238
392	241
392	242
392	348
392	349
392	350
392	351
392	352
392	353
392	354
392	355
392	356
392	424
393	34
393	143
393	235
393	239
393	240
393	354
393	355
393	425
394	35
394	143
394	235
394	355
394	426
394	427
395	36
395	143
395	235
395	354
395	428
396	37
396	142
396	235
396	354
396	429
396	430
397	36
397	37
397	138
397	139
397	141
397	142
397	234
397	354
397	431
397	432
398	35
398	135
398	136
398	137
398	143
398	144
398	234
398	353
398	433
398	434
399	35
399	134
399	144
399	234
399	353
399	435
400	35
400	133
400	144
400	145
400	231
400	232
400	233
400	353
400	435
401	36
401	133
401	146
401	147
401	230
401	352
401	435
402	36
402	37
402	132
402	147
402	230
402	352
402	436
403	37
403	132
403	147
403	230
403	352
403	436
404	37
404	131
404	147
404	230
404	352
404	436
405	37
405	129
405	130
405	147
405	230
405	352
405	436
406	38
406	129
406	147
406	148
406	149
406	150
406	230
406	352
406	437
407	39
407	127
407	129
407	151
407	230
407	352
407	437
408	39
408	126
408	128
408	151
408	152
408	229
408	352
408	437
409	39
409	126
409	150
409	229
409	352
409	438
410	39
410	126
410	149
410	228
410	352
410	438
411	39
411	40
411	98
411	126
411	149
411	228
411	351
411	439
412	40
412	97
412	99
412	126
412	149
412	150
412	151
412	152
412	153
412	154
412	155
412	156
412	228
412	351
412	438
413	41
413	96
413	99
413	100
413	125
413	157
413	158
413	159
413	160
413	161
413	162
413	163
413	164
413	165
413	228
413	351
413	438
414	41
414	96
414	101
414	104
414	105
414	124
414	165
414	228
414	229
414	230
414	351
414	438
415	42
415	47
415	95
415	96
415	102
415	103
415	106
415	124
415	165
415	231
415	351
415	438
416	42
416	45
416	46
416	48
416	49
416	50
416	51
416	52
416	53
416	54
416	55
416	94
416	106
416	124
416	166
416	167
416	168
416	232
416	351
416	438
417	43
417	44
417	56
417	64
417	93
417	107
417	124
417	169
417	170
417	171
417	172
417	233
417	351
417	438
418	57
418	58
418	59
418	60
418	61
418	62
418	63
418	65
418	72
418	73
418	74
418	75
418	92
418	107
418	123
418	173
418	174
418	233
418	351
418	438
419	66
419	71
419	72
419	75
419	76
419	77
419	78
419	79
419	80
419	92
419	107
419	123
419	175
419	232
419	352
419	438
420	67
420	69
420	70
420	75
420	76
420	81
420	82
420	83
420	84
420	85
420	86
420	90
420	91
420	92
420	107
420	122
420	176
420	232
420	352
420	438
421	68
421	77
421	87
421	88
421	89
421	107
421	120
421	121
421	176
421	225
421	231
421	352
421	439
422	77
422	107
422	118
422	119
422	175
422	224
422	226
422	230
422	352
422	440
423	77
423	78
423	108
423	113
423	114
423	115
423	116
423	117
423	175
423	212
423	213
423	214
423	215
423	222
423	223
423	227
423	228
423	229
423	352
423	440
424	79
424	108
424	114
424	175
424	212
424	215
424	220
424	221
424	352
424	441
425	80
425	109
425	115
425	175
425	213
425	216
425	218
425	219
425	352
426	81
426	82
426	83
426	110
426	116
426	176
426	177
426	213
426	217
426	345
426	352
426	442
427	83
427	110
427	117
427	178
427	179
427	213
427	343
427	344
427	346
427	347
427	348
427	352
427	443
428	83
428	110
428	116
428	180
428	181
428	182
428	183
428	213
428	342
428	349
428	352
428	443
429	84
429	111
429	114
429	115
429	184
429	185
429	189
429	213
429	341
429	350
429	351
429	352
429	444
430	84
430	112
430	113
430	186
430	187
430	188
430	190
430	191
430	214
430	341
430	445
431	85
431	191
431	215
431	340
431	445
432	85
432	86
432	192
432	215
432	337
432	338
432	339
432	340
432	446
433	87
433	192
433	215
433	333
433	334
433	335
433	336
433	446
434	87
434	193
434	194
434	195
434	215
434	332
434	447
435	87
435	196
435	216
435	330
435	331
435	447
436	88
436	196
436	217
436	218
436	329
436	448
437	88
437	197
437	219
437	220
437	328
437	448
438	88
438	198
438	199
438	221
438	327
438	449
439	87
439	200
439	221
439	325
439	326
439	449
440	87
440	200
440	221
440	323
440	324
440	450
441	88
441	201
441	221
441	322
441	451
442	87
442	202
442	203
442	222
442	322
442	451
443	87
443	204
443	205
443	222
443	321
443	451
444	87
444	206
444	222
444	321
444	451
445	87
445	88
445	89
445	90
445	91
445	92
445	207
445	222
445	320
445	452
446	93
446	208
446	222
446	320
446	452
447	93
447	209
447	222
447	319
447	452
448	93
448	209
448	222
448	318
448	453
449	92
449	210
449	222
449	318
449	453
450	92
450	211
450	222
450	317
450	453
451	93
451	212
451	221
451	291
451	292
451	293
451	294
451	295
451	296
451	297
451	298
451	316
451	453
452	93
452	213
452	214
452	221
452	289
452	290
452	299
452	315
452	454
453	94
453	215
453	216
453	221
453	287
453	288
453	300
453	314
453	454
454	95
454	216
454	217
454	218
454	219
454	220
454	286
454	300
454	312
454	313
454	454
455	95
455	219
455	285
455	301
455	302
455	303
455	304
455	306
455	307
455	311
455	312
455	454
456	96
456	218
456	285
456	308
456	309
456	310
456	454
457	95
457	96
457	217
457	285
457	309
457	454
458	95
458	216
458	285
458	308
458	454
459	93
459	94
459	95
459	216
459	286
459	308
459	454
460	93
460	216
460	286
460	308
460	454
461	93
461	209
461	210
461	211
461	216
461	286
461	308
461	454
462	94
462	141
462	142
462	208
462	209
462	212
462	213
462	214
462	215
462	216
462	217
462	286
462	307
462	454
463	94
463	140
463	143
463	208
463	217
463	286
463	307
463	454
464	94
464	139
464	143
464	208
464	217
464	286
464	307
464	322
464	323
464	454
465	95
465	139
465	143
465	208
465	218
465	286
465	307
465	308
465	316
465	317
465	318
465	319
465	320
465	321
465	323
465	454
466	95
466	139
466	144
466	145
466	208
466	218
466	220
466	221
466	280
466	281
466	282
466	283
466	284
466	285
466	286
466	309
466	310
466	311
466	312
466	313
466	314
466	315
466	324
466	454
467	95
467	139
467	145
467	208
467	218
467	219
467	222
467	278
467	279
467	325
467	454
468	95
468	139
468	145
468	146
468	207
468	223
468	276
468	277
468	325
468	453
469	95
469	139
469	146
469	207
469	224
469	275
469	325
469	453
470	95
470	139
470	146
470	206
470	225
470	273
470	274
470	326
470	453
471	94
471	139
471	146
471	205
471	226
471	268
471	270
471	271
471	272
471	326
471	453
472	93
472	139
472	146
472	205
472	227
472	235
472	236
472	237
472	238
472	239
472	268
472	269
472	327
472	453
473	92
473	93
473	139
473	146
473	177
473	178
473	179
473	180
473	181
473	182
473	183
473	184
473	205
473	228
473	233
473	234
473	240
473	241
473	268
473	327
473	452
474	91
474	138
474	147
474	148
474	177
474	185
474	186
474	187
474	205
474	228
474	231
474	232
474	242
474	243
474	250
474	251
474	268
474	327
474	452
475	91
475	138
475	149
475	175
475	176
475	188
475	205
475	229
475	230
475	244
475	245
475	246
475	247
475	248
475	249
475	252
475	268
475	327
475	452
476	89
476	90
476	138
476	148
476	149
476	173
476	174
476	188
476	205
476	253
476	268
476	328
476	452
477	88
477	138
477	147
477	148
477	172
477	188
477	205
477	253
477	267
477	328
477	452
477	453
477	454
478	88
478	89
478	138
478	146
478	149
478	157
478	158
478	171
478	172
478	187
478	205
478	253
478	267
478	328
478	455
478	456
478	457
478	458
478	459
478	460
479	88
479	90
479	91
479	92
479	137
479	138
479	145
479	150
479	156
479	159
479	171
479	187
479	204
479	254
479	267
479	328
479	460
480	88
480	93
480	104
480	105
480	106
480	107
480	108
480	135
480	136
480	138
480	139
480	144
480	150
480	154
480	155
480	160
480	161
480	162
480	164
480	165
480	166
480	167
480	168
480	169
480	188
480	191
480	192
480	193
480	194
480	203
480	255
480	265
480	266
480	267
480	329
480	461
481	88
481	94
481	99
481	100
481	101
481	102
481	103
481	108
481	109
481	133
481	134
481	135
481	140
481	143
481	151
481	153
481	161
481	163
481	188
481	190
481	195
481	202
481	256
481	263
481	264
481	329
481	461
482	88
482	95
482	96
482	97
482	98
482	110
482	126
482	127
482	129
482	130
482	131
482	132
482	141
482	142
482	152
482	153
482	160
482	189
482	196
482	202
482	256
482	260
482	261
482	262
482	329
482	461
483	88
483	111
483	125
483	128
483	160
483	197
483	198
483	199
483	203
483	257
483	258
483	259
483	329
483	461
484	87
484	111
484	116
484	124
484	161
484	200
484	201
484	202
484	256
484	329
484	461
485	87
485	111
485	115
485	117
485	118
485	119
485	120
485	121
485	122
485	123
485	161
485	255
485	329
485	461
486	87
486	112
486	113
486	114
486	115
486	162
486	254
486	329
486	461
487	87
487	163
487	253
487	330
487	461
488	86
488	163
488	252
488	330
488	461
489	85
489	163
489	251
489	330
489	461
490	85
490	164
490	250
490	330
490	461
491	84
491	164
491	248
491	249
491	330
491	462
492	84
492	165
492	248
492	329
492	463
493	84
493	165
493	249
493	329
493	464
494	85
494	164
494	249
494	329
494	463
495	84
495	164
495	249
495	329
495	462
496	84
496	163
496	249
496	329
496	461
497	84
497	163
497	250
497	329
497	460
498	84
498	163
498	250
498	329
498	459
499	83
499	163
499	251
499	329
499	458
500	82
500	163
500	251
500	329
500	456
500	457
501	81
501	163
501	251
501	329
501	456
502	81
502	162
502	252
502	330
502	456
503	81
503	162
503	253
503	330
503	455
504	82
504	162
504	253
504	330
504	455
505	82
505	161
505	253
505	330
505	455
506	82
506	153
506	154
506	155
506	156
506	157
506	158
506	160
506	253
506	330
506	454
507	82
507	152
507	159
507	252
507	330
507	331
507	454
508	82
508	152
508	250
508	251
508	331
508	454
509	83
509	152
509	249
509	332
509	333
509	453
510	83
510	151
510	247
510	248
510	334
510	335
510	453
511	82
511	151
511	246
511	336
511	452
512	83
512	151
512	245
512	246
512	337
512	338
512	451
513	83
513	150
513	244
513	339
513	340
513	451
514	82
514	150
514	241
514	242
514	243
514	341
514	450
515	82
515	149
515	241
515	342
515	449
516	83
516	149
516	241
516	343
516	344
516	345
516	346
516	347
516	449
517	83
517	116
517	117
517	118
517	119
517	120
517	121
517	122
517	123
517	124
517	132
517	133
517	134
517	135
517	136
517	137
517	138
517	139
517	149
517	241
517	348
517	448
518	83
518	115
518	125
518	126
518	127
518	128
518	129
518	130
518	131
518	132
518	139
518	149
518	241
518	242
518	349
518	448
519	83
519	114
519	139
519	149
519	243
519	244
519	349
519	447
520	83
520	113
520	139
520	149
520	244
520	350
520	447
521	83
521	110
521	111
521	112
521	139
521	150
521	155
521	245
521	351
521	446
522	84
522	85
522	86
522	109
522	116
522	117
522	139
522	150
522	153
522	154
522	156
522	245
522	352
522	446
523	87
523	107
523	108
523	114
523	115
523	118
523	139
523	150
523	151
523	152
523	157
523	246
523	352
523	446
524	87
524	104
524	105
524	106
524	112
524	113
524	118
524	139
524	158
524	246
524	352
524	445
525	87
525	104
525	110
525	111
525	118
525	138
525	159
525	247
525	353
525	445
526	87
526	104
526	108
526	109
526	118
526	119
526	138
526	158
526	247
526	353
526	444
527	88
527	105
527	106
527	107
527	119
527	137
527	158
527	247
527	248
527	249
527	353
527	443
528	88
528	120
528	136
528	158
528	249
528	353
528	443
529	88
529	120
529	136
529	158
529	249
529	352
529	443
530	87
530	120
530	137
530	158
530	248
530	352
530	442
531	87
531	121
531	122
531	137
531	158
531	248
531	352
531	442
532	87
532	122
532	137
532	159
532	175
532	176
532	248
532	351
532	441
533	87
533	121
533	122
533	137
533	159
533	175
533	177
533	178
533	248
533	351
533	441
534	87
534	119
534	120
534	137
534	160
534	174
534	179
534	180
534	181
534	182
534	248
534	350
534	440
535	86
535	118
535	137
535	161
535	174
535	182
535	183
535	248
535	350
535	440
536	86
536	118
536	138
536	161
536	162
536	163
536	164
536	174
536	184
536	185
536	186
536	187
536	188
536	189
536	248
536	349
536	439
537	86
537	118
537	138
537	164
537	174
537	189
537	190
537	197
537	198
537	248
537	349
537	439
538	86
538	118
538	138
538	164
538	174
538	191
538	192
538	193
538	196
538	199
538	248
538	348
538	438
539	87
539	119
539	138
539	165
539	175
539	193
539	194
539	195
539	199
539	248
539	347
539	438
540	87
540	119
540	137
540	165
540	175
540	199
540	248
540	346
540	437
541	87
541	120
541	121
541	122
541	123
541	124
541	125
541	126
541	127
541	128
541	129
541	130
541	131
541	132
541	137
541	165
541	175
541	200
541	248
541	346
541	437
542	87
542	132
542	133
542	137
542	165
542	175
542	200
542	248
542	345
542	436
543	88
543	133
543	134
543	136
543	137
543	165
543	176
543	200
543	248
543	344
543	435
544	89
544	135
544	136
544	162
544	163
544	164
544	176
544	200
544	248
544	344
544	435
545	89
545	161
545	177
545	197
545	200
545	248
545	343
545	435
546	90
546	160
546	177
546	178
546	196
546	198
546	199
546	200
546	248
546	343
546	435
547	91
547	92
547	160
547	178
547	196
547	342
547	434
548	93
548	94
548	160
548	178
548	196
548	249
548	342
548	434
549	94
549	95
549	96
549	160
549	177
549	178
549	196
549	249
549	341
549	433
550	97
550	98
550	160
550	177
550	196
550	250
550	251
550	341
550	433
551	99
551	160
551	177
551	196
551	252
551	433
552	100
552	160
552	177
552	196
552	252
552	340
553	101
553	160
553	177
553	196
553	253
553	340
553	432
554	102
554	160
554	177
554	196
554	254
554	339
554	432
555	102
555	161
555	178
555	197
555	255
555	339
555	432
556	101
556	161
556	178
556	198
556	199
556	256
556	339
556	432
557	101
557	161
557	179
557	193
557	194
557	195
557	196
557	199
557	256
557	339
557	431
558	101
558	102
558	161
558	179
558	191
558	192
558	196
558	199
558	256
558	339
558	431
559	102
559	161
559	180
559	189
559	190
559	196
559	199
559	256
559	338
559	431
560	102
560	160
560	181
560	182
560	189
560	197
560	198
560	256
560	338
560	431
561	102
561	160
561	182
561	188
561	189
561	255
561	338
561	430
562	102
562	160
562	183
562	184
562	185
562	186
562	187
562	188
562	255
562	338
562	430
563	101
563	160
563	255
563	337
563	429
564	101
564	159
564	255
564	337
564	429
565	102
565	159
565	255
565	337
565	429
566	102
566	142
566	143
566	144
566	145
566	159
566	255
566	337
566	427
566	428
566	429
567	102
567	142
567	146
567	159
567	254
567	338
567	427
568	101
568	141
568	147
568	159
568	252
568	253
568	338
568	426
569	102
569	141
569	147
569	154
569	155
569	156
569	157
569	158
569	159
569	251
569	337
569	426
570	103
570	140
570	148
570	153
570	159
570	250
570	337
570	425
571	103
571	140
571	148
571	149
571	151
571	152
571	249
571	336
571	425
572	102
572	103
572	140
572	150
572	248
572	336
572	425
572	426
573	103
573	139
573	248
573	336
573	426
574	104
574	139
574	248
574	336
574	427
575	105
575	106
575	107
575	112
575	113
575	139
575	248
575	335
575	343
575	344
575	345
575	427
576	108
576	109
576	110
576	111
576	114
576	115
576	139
576	248
576	335
576	336
576	339
576	340
576	341
576	342
576	346
576	347
576	427
577	115
577	140
577	248
577	335
577	336
577	337
577	338
577	348
577	349
577	427
578	140
578	244
578	245
578	246
578	247
578	248
578	335
578	350
578	351
578	427
579	116
579	140
579	244
579	248
579	335
579	352
579	427
580	117
580	141
580	245
580	248
580	335
580	352
580	353
580	354
580	355
580	356
580	357
580	427
581	118
581	140
581	141
581	238
581	239
581	240
581	241
581	242
581	243
581	244
581	245
581	248
581	334
581	358
581	359
581	360
581	361
581	427
582	118
582	139
582	237
582	238
582	248
582	334
582	362
582	363
582	427
583	119
583	139
583	237
583	248
583	333
583	364
583	365
583	366
583	427
584	119
584	139
584	237
584	248
584	333
584	367
584	368
584	427
585	120
585	138
585	237
585	248
585	332
585	369
585	427
586	121
586	122
586	138
586	236
586	248
586	249
586	330
586	331
586	370
586	371
586	372
586	373
586	374
586	375
586	376
586	377
586	378
586	379
586	380
586	381
586	382
586	383
586	384
586	427
587	122
587	123
587	138
587	236
587	250
587	251
587	329
587	385
587	386
587	387
587	388
587	389
587	390
587	426
588	124
588	138
588	236
588	252
588	253
588	327
588	328
588	426
589	124
589	138
589	236
589	254
589	255
589	325
589	326
589	392
589	393
589	394
589	395
589	396
589	397
589	398
589	417
589	418
589	419
589	424
589	425
590	125
590	137
590	236
590	255
590	324
590	399
590	400
590	401
590	402
590	403
590	404
590	405
590	406
590	407
590	408
590	409
590	410
590	411
590	412
590	413
590	414
590	415
590	416
590	420
590	421
590	422
590	423
590	425
591	126
591	137
591	236
591	256
591	324
591	425
592	127
592	134
592	135
592	136
592	203
592	237
592	256
592	262
592	263
592	264
592	265
592	266
592	324
592	425
593	127
593	130
593	131
593	132
593	133
593	137
593	202
593	205
593	206
593	207
593	208
593	237
593	257
593	258
593	259
593	260
593	261
593	267
593	268
593	269
593	324
593	424
594	128
594	129
594	138
594	139
594	189
594	190
594	191
594	192
594	193
594	194
594	195
594	196
594	199
594	200
594	201
594	209
594	210
594	211
594	237
594	270
594	271
594	272
594	323
594	424
595	128
595	140
595	189
595	197
595	198
595	212
595	237
595	273
595	274
595	297
595	299
595	323
595	423
596	128
596	141
596	189
596	213
596	237
596	274
596	295
596	296
596	300
596	301
596	323
596	423
597	128
597	141
597	188
597	214
597	215
597	237
597	275
597	293
597	294
597	302
597	323
597	423
598	127
598	142
598	188
598	216
598	217
598	218
598	236
598	274
598	292
598	303
598	321
598	322
598	424
599	127
599	143
599	188
599	219
599	234
599	235
599	274
599	291
599	303
599	316
599	317
599	318
599	319
599	320
599	424
600	127
600	144
600	187
600	220
600	221
600	234
600	273
600	280
600	281
600	282
600	283
600	284
600	285
600	286
600	287
600	288
600	289
600	290
600	303
600	304
600	305
600	306
600	307
600	308
600	309
600	310
600	311
600	312
600	313
600	314
600	315
600	424
601	127
601	145
601	146
601	147
601	186
601	222
601	223
601	234
601	273
601	274
601	275
601	276
601	277
601	278
601	279
601	424
602	128
602	148
602	186
602	224
602	234
602	275
602	276
602	424
603	127
603	148
603	185
603	225
603	234
603	265
603	274
603	424
604	127
604	149
604	150
604	151
604	152
604	184
604	226
604	227
604	233
604	234
604	263
604	264
604	266
604	267
604	272
604	273
604	424
605	127
605	153
605	154
605	155
605	156
605	157
605	158
605	159
605	183
605	228
605	233
605	261
605	262
605	268
605	269
605	270
605	271
605	424
606	127
606	160
606	183
606	228
606	229
606	230
606	231
606	259
606	260
606	424
607	128
607	161
607	162
607	163
607	182
607	183
607	229
607	257
607	258
607	424
608	127
608	164
608	175
608	176
608	177
608	178
608	179
608	180
608	181
608	229
608	255
608	256
608	424
609	127
609	165
609	166
609	167
609	173
609	174
609	229
609	253
609	254
609	425
610	127
610	168
610	169
610	170
610	171
610	172
610	230
610	231
610	232
610	233
610	251
610	252
610	425
611	126
611	234
611	235
611	250
611	425
612	127
612	234
612	248
612	249
612	425
613	127
613	234
613	247
613	248
613	250
613	251
613	425
614	127
614	234
614	235
614	236
614	237
614	238
614	239
614	240
614	241
614	242
614	243
614	244
614	245
614	246
614	252
614	425
615	127
615	253
615	425
616	128
616	253
616	425
617	128
617	254
617	255
617	257
617	425
618	129
618	256
618	258
618	424
619	130
619	131
619	259
619	423
620	131
620	260
620	423
621	132
621	261
621	423
622	132
622	262
622	423
623	132
623	262
623	423
624	131
624	263
624	423
625	131
625	263
625	423
626	131
626	263
626	423
627	131
627	263
627	423
628	132
628	263
628	423
629	133
629	263
629	423
630	132
630	263
630	423
631	132
631	263
631	423
632	132
632	263
632	423
633	132
633	263
633	423
634	132
634	262
634	423
635	132
635	261
635	422
635	423
636	133
636	260
636	422
637	133
637	259
637	422
638	133
638	258
638	421
639	133
639	257
639	421
640	133
640	257
640	420
641	256
641	419
642	131
642	132
642	243
642	244
642	251
642	252
642	253
642	254
642	255
642	417
642	418
643	131
643	242
643	245
643	246
643	247
643	250
643	417
644	130
644	241
644	248
644	249
644	416
645	129
645	242
645	416
646	130
646	242
646	243
646	415
647	131
647	244
647	415
648	131
648	245
648	246
648	414
649	131
649	247
649	414
650	132
650	248
650	414
651	133
651	249
651	414
652	133
652	250
652	414
653	133
653	251
653	414
654	133
654	251
654	414
655	133
655	252
655	414
656	133
656	253
656	254
656	412
656	413
657	132
657	255
657	256
657	412
658	132
658	257
658	258
658	411
659	132
659	259
659	411
660	131
660	260
660	261
660	410
661	131
661	262
661	409
662	130
662	262
662	409
663	129
663	263
663	408
664	128
664	263
664	407
665	127
665	264
665	407
666	126
666	264
666	405
666	406
667	126
667	265
667	404
668	125
668	265
668	403
669	124
669	265
669	401
669	402
670	124
670	265
670	400
671	123
671	265
671	400
672	122
672	264
672	398
672	399
673	122
673	263
673	395
673	396
673	397
674	122
674	262
674	393
674	394
675	123
675	261
675	392
676	122
676	260
676	391
677	122
677	259
677	389
677	390
678	121
678	255
678	257
678	258
678	387
678	388
679	120
679	237
679	238
679	239
679	240
679	241
679	242
679	252
679	253
679	254
679	256
679	385
679	386
680	120
680	235
680	236
680	243
680	244
680	245
680	246
680	250
680	251
680	256
680	384
681	120
681	233
681	234
681	247
681	248
681	249
681	257
681	383
682	120
682	228
682	229
682	230
682	231
682	232
682	257
682	382
683	120
683	225
683	226
683	227
683	257
683	381
684	120
684	214
684	215
684	216
684	217
684	218
684	219
684	220
684	221
684	222
684	223
684	224
684	258
684	381
685	119
685	213
685	258
685	380
686	119
686	212
686	259
686	380
687	119
687	211
687	259
687	379
688	119
688	209
688	210
688	260
688	379
689	119
689	208
689	260
689	378
690	118
690	207
690	261
690	378
691	117
691	118
691	206
691	261
691	335
691	336
691	337
691	338
691	377
692	117
692	118
692	205
692	262
692	263
692	331
692	332
692	333
692	334
692	339
692	377
693	117
693	119
693	205
693	264
693	265
693	329
693	330
693	339
693	376
694	116
694	120
694	122
694	205
694	266
694	324
694	325
694	326
694	328
694	329
694	340
694	341
694	375
695	115
695	121
695	123
695	124
695	125
695	205
695	267
695	320
695	321
695	322
695	323
695	327
695	342
695	343
695	344
695	374
696	114
696	126
696	127
696	128
696	205
696	206
696	268
696	269
696	270
696	271
696	317
696	318
696	319
696	345
696	374
697	113
697	129
697	130
697	131
697	206
697	272
697	273
697	276
697	277
697	278
697	279
697	280
697	281
697	282
697	283
697	284
697	285
697	316
697	346
697	374
698	113
698	132
698	133
698	138
698	139
698	206
698	274
698	275
698	286
698	313
698	314
698	315
698	347
698	348
698	374
699	113
699	134
699	135
699	136
699	137
699	140
699	141
699	142
699	206
699	287
699	310
699	311
699	312
699	349
699	374
700	113
700	143
700	144
700	194
700	195
700	196
700	197
700	198
700	199
700	200
700	201
700	202
700	203
700	204
700	206
700	288
700	308
700	309
700	350
700	372
700	373
701	112
701	145
701	146
701	193
701	205
701	206
701	289
701	290
701	291
701	307
701	350
701	371
702	112
702	147
702	192
702	292
702	307
702	351
702	370
703	111
703	148
703	149
703	191
703	293
703	294
703	306
703	351
703	368
703	369
704	111
704	150
704	190
704	295
704	296
704	297
704	298
704	305
704	352
704	367
705	111
705	151
705	152
705	189
705	299
705	300
705	301
705	302
705	303
705	304
705	353
705	366
706	111
706	153
706	188
706	189
706	303
706	304
706	354
706	365
707	111
707	154
707	155
707	187
707	303
707	355
707	356
707	357
707	365
708	112
708	156
708	157
708	187
708	303
708	358
708	365
709	112
709	158
709	159
709	164
709	165
709	166
709	167
709	187
709	304
709	359
709	360
709	364
710	112
710	160
710	161
710	162
710	163
710	168
710	169
710	170
710	171
710	186
710	304
710	360
710	361
710	362
710	363
711	111
711	172
711	173
711	174
711	175
711	176
711	186
711	304
712	111
712	177
712	186
712	304
713	111
713	178
713	186
713	304
714	110
714	179
714	180
714	185
714	304
715	109
715	181
715	185
715	304
716	108
716	182
716	183
716	184
716	304
717	108
717	184
717	185
717	186
717	187
717	188
717	189
717	190
717	304
718	108
718	191
718	192
718	193
718	194
718	304
719	103
719	104
719	105
719	106
719	107
719	194
719	303
720	100
720	101
720	102
720	107
720	193
720	304
721	98
721	99
721	193
721	304
722	96
722	97
722	192
722	305
723	95
723	192
723	306
723	307
724	95
724	191
724	308
725	93
725	94
725	191
725	308
726	92
726	191
726	309
727	91
727	192
727	310
728	91
728	192
728	310
729	90
729	91
729	192
729	311
730	90
730	192
730	311
731	90
731	192
731	312
732	89
732	192
732	312
733	89
733	192
733	312
734	87
734	88
734	192
734	312
735	87
735	192
735	312
736	86
736	193
736	312
737	85
737	86
737	193
737	312
738	83
738	84
738	193
738	312
739	82
739	83
739	193
739	312
740	82
740	194
740	313
741	81
741	194
741	313
742	81
742	194
742	313
743	81
743	194
743	313
744	81
744	194
744	313
745	81
745	194
745	313
746	81
746	194
746	313
747	81
747	194
747	313
748	81
748	194
748	313
749	80
749	195
749	313
750	80
750	195
750	313
751	80
751	195
751	313
752	79
752	196
752	313
753	79
753	197
753	313
754	79
754	197
754	313
755	79
755	198
755	199
755	314
756	79
756	200
756	314
757	79
757	200
757	314
758	79
758	201
758	314
759	79
759	201
759	313
760	78
760	202
760	312
761	78
761	202
761	311
762	78
762	203
762	310
763	78
763	203
763	308
763	309
764	78
764	204
764	307
765	78
765	204
765	306
766	78
766	204
766	305
767	78
767	205
767	305
768	78
768	205
768	304
769	78
769	205
769	304
770	78
770	205
770	304
771	78
771	206
771	207
771	208
771	209
771	210
771	211
771	212
771	213
771	214
771	215
771	216
771	217
771	303
772	79
772	218
772	219
772	301
772	302
773	79
773	220
773	221
773	300
774	80
774	221
774	299
775	81
775	222
775	298
776	81
776	222
776	297
777	82
777	223
777	296
778	83
778	223
778	294
778	295
779	83
779	224
779	293
780	83
780	84
780	224
780	292
781	85
781	225
781	289
781	290
781	291
782	85
782	226
782	284
782	285
782	286
782	287
782	288
783	85
783	227
783	283
784	84
784	228
784	282
785	84
785	229
785	282
786	84
786	230
786	231
786	281
787	84
787	232
787	280
788	84
788	233
788	280
789	84
789	233
789	280
790	85
790	232
790	281
791	85
791	231
791	281
792	84
792	231
792	281
793	84
793	230
793	281
794	83
794	230
794	282
795	82
795	230
795	282
796	81
796	161
796	162
796	230
796	282
797	80
797	163
797	164
797	165
797	230
797	281
798	80
798	158
798	166
798	167
798	168
798	169
798	170
798	229
798	281
799	78
799	79
799	157
799	171
799	229
799	280
800	78
800	156
800	172
800	229
800	280
801	78
801	143
801	144
801	145
801	146
801	155
801	172
801	229
801	280
802	77
802	141
802	142
802	147
802	148
802	149
802	150
802	151
802	155
802	173
802	229
802	280
803	77
803	139
803	140
803	152
803	153
803	154
803	173
803	229
803	280
804	77
804	137
804	138
804	174
804	229
804	280
805	77
805	134
805	135
805	136
805	175
805	229
805	280
806	77
806	126
806	127
806	128
806	131
806	132
806	133
806	175
806	229
806	280
807	78
807	122
807	123
807	124
807	125
807	129
807	130
807	176
807	228
807	280
808	78
808	118
808	119
808	120
808	121
808	177
808	228
808	279
809	78
809	115
809	116
809	117
809	178
809	227
809	279
810	78
810	113
810	114
810	179
810	227
810	278
811	79
811	110
811	111
811	112
811	178
811	226
811	278
812	79
812	106
812	107
812	108
812	109
812	177
812	226
812	277
813	79
813	103
813	104
813	105
813	175
813	176
813	226
813	277
814	79
814	98
814	99
814	100
814	101
814	102
814	173
814	174
814	225
814	276
815	79
815	95
815	96
815	97
815	172
815	225
815	276
816	79
816	90
816	91
816	92
816	93
816	94
816	172
816	225
816	276
817	80
817	88
817	89
817	171
817	225
817	275
818	81
818	82
818	84
818	85
818	86
818	87
818	171
818	225
818	274
819	83
819	170
819	225
819	273
820	170
820	225
820	271
820	272
821	170
821	225
821	270
822	170
822	225
822	269
823	170
823	224
823	267
823	268
824	170
824	224
824	266
825	169
825	170
825	224
825	265
825	266
826	169
826	224
826	265
827	223
827	265
828	168
828	223
828	265
829	168
829	224
829	264
830	167
830	225
830	226
830	252
830	253
830	254
830	255
830	262
830	263
831	167
831	227
831	228
831	249
831	250
831	251
831	256
831	257
831	261
832	166
832	229
832	230
832	247
832	248
832	258
832	259
832	260
833	166
833	231
833	245
833	246
834	166
834	232
834	243
834	244
835	166
835	233
835	242
836	166
836	234
836	240
836	241
837	166
837	235
837	239
838	166
838	236
838	237
838	238
839	167
839	235
840	167
840	235
841	167
841	235
842	167
842	234
843	168
843	233
843	234
844	169
844	232
845	170
845	231
846	170
846	231
847	171
847	231
848	171
848	231
849	172
849	231
850	173
850	232
851	173
851	231
852	173
852	174
852	231
853	173
853	174
853	231
854	172
854	231
855	169
855	170
855	171
855	231
856	167
856	168
856	230
857	166
857	230
858	164
858	165
858	230
859	163
859	164
859	230
860	161
860	162
860	230
861	157
861	158
861	159
861	160
861	161
861	220
861	221
861	222
861	223
861	224
861	225
861	226
861	227
861	228
861	229
862	157
862	219
863	156
863	219
864	156
864	219
865	156
865	218
866	155
866	218
867	155
867	219
868	155
868	220
869	155
869	221
870	154
870	221
871	154
871	221
872	153
872	220
873	153
873	220
874	152
874	219
874	220
875	153
875	216
875	217
875	218
876	154
876	215
877	154
877	216
878	154
878	214
878	215
879	154
879	214
880	154
880	213
881	153
881	212
882	154
882	211
883	153
883	211
884	153
884	210
885	153
885	209
886	154
886	209
887	155
887	208
888	156
888	157
888	208
889	158
889	208
890	159
890	160
891	160
891	209
892	161
892	209
893	162
893	209
894	162
894	209
895	163
895	208
896	163
896	208
897	163
897	208
898	163
898	208
899	163
899	208
900	164
900	208
901	164
901	208
902	164
902	206
902	207
903	165
903	166
903	205
904	167
904	168
904	169
904	170
904	205
905	170
905	205
906	170
906	205
907	170
907	205
908	171
908	205
909	171
909	206
910	171
910	207
911	171
911	172
911	173
911	208
912	173
912	174
912	207
913	175
913	207
914	175
914	207
915	176
916	176
916	208
917	177
917	208
918	178
918	208
919	178
919	179
919	208
920	179
920	207
921	180
921	206
922	180
922	206
923	180
923	206
924	181
924	182
924	206
925	183
925	184
925	206
926	185
926	206
927	186
927	187
927	188
927	206
928	189
928	207
929	190
929	207
930	190
930	191
930	205
930	206
931	192
931	203
931	204
932	193
932	194
932	195
932	203
933	196
933	197
933	198
933	199
933	203
934	200
934	201
934	202
934	203
936	2
937	2